[309, 915, 874, 588, 522, 212, 159, 260, 837, 708, 750, 693, 106, 106, 893, 795, 183, 721, 275, 488, 910, 278, 224, 832, 110, 302, 85, 855, 94,
 462, 216, 231, 783, 890, 290, 995, 155, 386, 170, 135, 616, 622, 579, 826, 501, 177, 357, 606, 994, 152, 88, 646, 729, 817, 715, 258, 426, 779,
 926, 807, 845, 306, 204, 88, 784, 154, 817, 720, 878, 96, 302, 429, 295, 699, 361, 838, 930, 779, 840, 979, 412, 589, 513, 262, 402, 234, 964, 935,
 630, 660, 464, 504, 817, 825, 913, 237, 460, 155, 4, 12, 198, 219, 737, 561, 150, 492, 879, 938, 894, 515, 324, 692, 38, 132, 344, 210, 291, 462, 425, 25,
  30, 394, 951, 75, 725, 175, 218, 274, 548, 749, 284, 166, 936, 470, 520, 993, 141, 936, 676, 469, 932, 130, 917, 203, 355, 185, 614, 333, 873, 236, 568, 756,
   747, 316, 867, 166, 240, 542, 985, 542, 366, 364, 708, 736, 374, 375, 806, 246, 628, 345, 667, 272, 488, 570, 119, 340, 295, 416, 405, 972, 756, 437, 154,
   848, 882, 145, 615, 478, 275, 46, 879, 100, 838, 830, 750, 343, 562, 790, 996, 294, 210, 726, 54, 473, 81, 458, 702, 534, 618, 345, 145, 775, 818, 794, 962,
   970, 192, 208, 610, 795, 946, 951, 338, 296, 544, 25, 414, 100, 282, 990, 162, 322, 785, 990, 620, 85, 214, 648, 267, 611, 737, 4, 703, 556, 681, 634, 328, 575,
   438, 514, 534, 741, 844, 300, 799, 115, 815, 472, 803, 201, 394, 818, 512, 707, 315, 224, 40, 445, 792, 522, 805, 231, 626, 168, 586, 345, 802, 14, 518, 639, 333,
   369, 549, 871, 872, 895, 495, 399, 654, 370, 990, 266, 848, 175, 492, 218, 145, 707, 319, 612, 310, 796, 574, 570, 714, 511,
   551, 492, 98, 936, 402, 899, 957, 864, 147, 483, 384, 171,
591, 849, 54, 130, 492, 789, 274, 417, 364, 736, 966, 760, 598, 899, 567, 784, 956, 988, 895]